00816
01200
02755
00191
00697
02260
00727
01428
02087
02516
01037
00963
00345
00159
02219
01987
00783
00066
00712
00401
01194
00006
02289
01178
01486
02158
00959
01156
02495
01091
00878
01356
01016
00350
02019
01766
01837
02261
01550
01189
00214
02606
02803
01426
02227
02835
00607
02724
02854
01980
01269
01180
00633
02194
01254
00357
01159
02481
00809
00153
02577
00888
02332
01865
02316
02717
00894
02462
01334
02036
02092
01080
01587
01583
02292
01808
01521
01568
01169
02203
01870
01307
02196
01899
00574
01876
00410
00639
01889
02685
01193
01597
01704
02169
02184
01952
02225
00531
01594
00477
01249
01371
01214
01900
01351
01757
01225
01449
00997
01845
02020
00583
00970
00948
01874
00502
02210
02841
00614
00532
02811
02693
00956
01941
02135
02093
01902
01641
02534
02144
00310
01555
01846
02520
00691
01879
00889
00247
01321
02406
02623
01543
02772
00332
00650
01967
01886
00789
00619
00695
00190
01330
01816
02492
00435
02831
02801
01509
02285
02277
00395
02836
01223
01350
00634
01888
01965
00585
02130
00107
01643
01034
01805
02521
00725
02568
02453
01811
01898
02286
02270
01533
02507
01633
00626
02426
01476
00445
02461
02523
02628
02673
01442
01108
00373
01348
00393
02101
01651
00196
01812
00942
02489
01715
02257
02300
00238
01220
01323
00321
02491
02718
00193
00533
01662
01933
01267
02742
02213
00058
00127
00386
01210
00460
01832
00444
00036
01162
02258
00112
01259
00125
01565
00535
02575
01012
00869
00128
00726
02832
01548
00829
01602
01338
00061
00972
01593
00117
01710
02119
01537
01306
00314
01703
00767
02259
01973
01186
00774
00887
00776
01697
02088
00389
01266
01881
00701
01209
02810
00875
00056
00160
01528
00229
02629
01146
00316
01690
00323
01261
00326
00813
01890
00631
00007
01235
02430
00383
02746
02686
01481
00115
02555
01433
00636
01940
01229
02535
01150
00050
00223
01195
02758
02536
00432
01010
00605
02201
02449
02191
01553
00134
00421
00862
01479
01448
01584
02002
02533
01086
00668
00512
